187495326
629837451
345162798
531274869
876319542
294586173
458923617
712648935
963751284


365941278
872563914
194728653
617435829
948217365
523689147
436872591
289154736
751396482


642987135
317456892
589213476
438529761
125768943
796134258
273845619
951672384
864391527


179256843
326478915
584913762
913547628
652831479
847692351
238164597
765329184
491785236


765289431
219374568
348561972
692853714
457192683
183647295
826735149
534916827
971428356


958234671
763981452
421567983
836172549
279453168
514896237
695728314
182345796
347619825


276451893
581793462
943628175
354987621
819265734
627314958
195872346
738546219
462139587


498273516
236951478
157846329
519364287
674128953
382795641
725689134
941537862
863412795


861723495
529184736
734659128
418572963
973846512
256391847
645217389
182935674
397468251


846351297
317249586
925678134
594167328
283495671
671832945
132584769
768913452
459726813
